	var fs = [	8 , 7, 6, 5, 4, 3, 2, 1,0,
			17,16,15,14,13,12,11,10,9,
			26,35,44,53,62,71,80,89,
			25,24,23,22,21,20,19,18, 
			34,43,52,61,70,79,88,
			33,32,31,30,29,28,27,
			42,51,60,69,78,87,
                        41,40,39,38,37,36,
                        50,59,68,77,86,
			49,48,47,46,45,
			58,67,76,85,
			57,56,55,54,
			66,75,84,
			65,64,63,
			74,83,
			73,72,
			82,81];



	var fs2 = [0, 10, 20, 30, 40, 50, 60, 70, 80, 90, 
		   1, 11, 21, 31, 41, 51, 61, 71, 81, 91,
 		   2, 3, 4, 5, 6, 7, 8, 9,
		   12, 22, 32, 42, 52, 62, 72, 82,
                   13, 14, 15, 16, 17, 18, 19,
	    	   23, 33, 43, 53, 63, 73, 83,
		   24, 25, 26, 27, 28, 29,
		   34, 44, 54, 64, 74, 84,
		   35, 36, 37, 38, 39,
		   45, 55, 65, 75, 85,
		/*58*/   46, 47, 48, 49,
                /*57*/ 56, 66, 76, 86,
                   57, 58, 59,
                   67, 77, 87,
                    68, 69,
                    78, 88,
                    79, 89		   
	           ]
